1.686958223581314087e-01 -1.880682632327079773e-02 8.632102608680725098e-01 5.208042860031127930e-01 -4.448527991771697998e-01 3.386147022247314453e-01 -5.064479708671569824e-01 -9.283486008644104004e-01 1.242378950119018555e+00 -8.342818915843963623e-02 9.680689871311187744e-02 -1.707140356302261353e-01 5.793539881706237793e-01 5.473629236221313477e-01 6.207501292228698730e-01 -6.227629780769348145e-01 8.363491296768188477e-01 -3.401725590229034424e-01 -9.560769423842430115e-03 -2.150036543607711792e-01
2.575773596763610840e-01 1.921854257583618164e+00 -1.024997234344482422e+00 -8.035628795623779297e-01 -1.108949407935142517e-01 -2.845168709754943848e-01 2.008146196603775024e-01 -1.173752188682556152e+00 -1.855748146772384644e-01 -3.580232262611389160e-01 1.460411667823791504e+00 4.849651157855987549e-01 -4.360750019550323486e-01 1.168761134147644043e+00 -1.277295947074890137e-01 -3.566554486751556396e-01 3.308094143867492676e-01 4.086820036172866821e-02 -1.032108962535858154e-01 3.295494914054870605e-01
-3.110696002840995789e-02 -4.930853247642517090e-01 -1.288834512233734131e-01 1.834296286106109619e-01 -7.575432956218719482e-02 -1.212703227996826172e+00 -1.656126827001571655e-01 -6.921683996915817261e-02 1.617943346500396729e-01 8.958381414413452148e-02 4.153911173343658447e-01 4.434450268745422363e-01 -8.055976778268814087e-02 2.276819050312042236e-01 2.713306166697293520e-04 3.644326031208038330e-01 -7.582581788301467896e-02 6.616361737251281738e-01 1.559821218252182007e-01 -2.010707110166549683e-01
3.969321846961975098e-01 -6.164717674255371094e-02 -3.104512393474578857e-01 2.062486171722412109e+00 -5.647690892219543457e-01 9.878978133201599121e-01 -9.227849841117858887e-01 -1.146969079971313477e+00 2.202714920043945312e+00 -7.934797406196594238e-01 -5.554765462875366211e-01 5.622455477714538574e-02 4.321708083152770996e-01 3.792121112346649170e-01 2.947908639907836914e-01 9.196134656667709351e-02 6.620539426803588867e-01 -1.170696854591369629e+00 3.414912819862365723e-01 6.917332112789154053e-02
1.728721410036087036e-01 -2.050715535879135132e-01 -1.588183343410491943e-01 -2.669515907764434814e-01 -2.954047024250030518e-01 -3.711882829666137695e-01 1.901260316371917725e-01 4.218280613422393799e-01 1.474731862545013428e-01 1.965230107307434082e-01 3.114753365516662598e-01 6.953006237745285034e-02 5.092473700642585754e-02 -1.010193079710006714e-01 -2.493594139814376831e-01 2.406177818775177002e-01 -4.800724238157272339e-02 -6.415195763111114502e-02 -8.125704526901245117e-02 -3.914113342761993408e-02
-7.219254225492477417e-02 1.497531980276107788e-01 1.896673254668712616e-02 1.749635115265846252e-02 9.521952867507934570e-01 -4.683345556259155273e-03 3.202005922794342041e-01 -6.636062860488891602e-01 6.017696261405944824e-01 -3.896892070770263672e-01 3.177881538867950439e-01 -7.775664329528808594e-02 -4.764923155307769775e-01 6.928559541702270508e-01 3.679872155189514160e-01 2.660758197307586670e-01 -1.870263516902923584e-01 -1.657717861235141754e-02 2.564413547515869141e-01 4.358071088790893555e-01
5.062605738639831543e-01 1.242340542376041412e-02 3.390761017799377441e-01 4.262841939926147461e-01 5.564103126525878906e-01 -5.615415982902050018e-03 -2.757362127304077148e-01 6.330671310424804688e-01 -3.711328208446502686e-01 -8.090874552726745605e-01 4.085281491279602051e-01 4.033312574028968811e-02 -5.047371387481689453e-01 -3.815557658672332764e-01 -8.160857558250427246e-01 -7.946282029151916504e-01 3.557635545730590820e-01 1.579122304916381836e+00 2.150996476411819458e-01 -7.416004687547683716e-02
2.254621386528015137e-01 -2.287693619728088379e-01 5.464737415313720703e-01 2.432180792093276978e-01 7.178894877433776855e-01 -5.242316797375679016e-02 4.599275887012481689e-01 -7.012734562158584595e-02 2.536739110946655273e-01 9.540642052888870239e-02 -4.498710334300994873e-01 2.839724719524383545e-01 -1.525591593235731125e-02 2.155125141143798828e-01 1.165163889527320862e-01 -3.723517358303070068e-01 6.757919192314147949e-01 6.839763522148132324e-01 -2.300483919680118561e-02 -5.672860741615295410e-01
-2.202106267213821411e-01 7.437825202941894531e-01 5.757778882980346680e-01 -9.338983297348022461e-01 -3.842467665672302246e-01 -1.098282784223556519e-01 1.288400730118155479e-03 2.573271095752716064e-01 -1.196999922394752502e-01 1.435429900884628296e-01 2.094065994024276733e-01 -9.377207159996032715e-01 -5.335834026336669922e-01 -8.770011663436889648e-01 -3.265109062194824219e-01 2.697586417198181152e-01 4.616506770253181458e-02 4.449758231639862061e-01 -7.164533138275146484e-01 -2.963155210018157959e-01
4.845916330814361572e-01 2.716579735279083252e-01 1.164684295654296875e+00 4.092717170715332031e-01 7.107017934322357178e-02 -5.354044437408447266e-01 9.456447511911392212e-02 1.004470977932214737e-02 9.580582380294799805e-01 -3.412766754627227783e-01 4.322335869073867798e-02 2.916769869625568390e-02 -4.532013237476348877e-01 1.560952328145503998e-02 9.596464782953262329e-02 -1.194839105010032654e-01 3.046820163726806641e-01 1.244184076786041260e-01 -4.921794682741165161e-02 3.300682008266448975e-01
1.817318350076675415e-01 5.954419076442718506e-02 -3.954564034938812256e-01 -2.257409393787384033e-01 5.589062571525573730e-01 8.504243493080139160e-01 -1.503850519657135010e-01 -6.868047118186950684e-01 2.683860063552856445e-01 2.205712050199508667e-01 7.323835790157318115e-02 -4.011861085891723633e-01 -5.409358143806457520e-01 -2.034800685942173004e-02 -4.415408074855804443e-01 -4.270972907543182373e-01 3.688468635082244873e-01 6.292899250984191895e-01 -9.849221259355545044e-02 -5.885124802589416504e-01
-1.298462320119142532e-02 -3.041312098503112793e-02 -6.009038165211677551e-02 3.538215756416320801e-01 2.740301191806793213e-02 1.044502854347229004e-01 4.655605852603912354e-01 -7.641304731369018555e-01 -2.549991309642791748e-01 -9.836900234222412109e-02 5.909672975540161133e-01 -2.631776332855224609e-01 -2.325729280710220337e-01 2.412929981946945190e-01 1.526449173688888550e-01 1.210283190011978149e-01 -1.635110192000865936e-02 -5.947141349315643311e-02 3.722966015338897705e-01 3.832001686096191406e-01
-2.451239675283432007e-01 2.217670343816280365e-02 -5.027889013290405273e-01 -1.652717590332031250e-01 6.648104190826416016e-01 2.531232535839080811e-01 3.009954392910003662e-01 -9.305401146411895752e-02 -6.192146334797143936e-03 -1.040120646357536316e-01 2.939790785312652588e-01 1.501229107379913330e-01 -3.477302938699722290e-02 -2.982241809368133545e-01 -1.538064628839492798e-01 -7.321078330278396606e-02 6.173657625913619995e-02 -9.717910736799240112e-02 3.334787487983703613e-02 1.333476454019546509e-01
-5.954251065850257874e-02 -2.801859937608242035e-02 -2.128872573375701904e-01 1.524624973535537720e-02 6.363584399223327637e-01 -1.814784109592437744e-01 1.256587207317352295e-01 3.588177561759948730e-01 -1.169593632221221924e-01 1.545354141853749752e-03 -2.015726640820503235e-02 -1.534122973680496216e-01 -6.679817438125610352e-01 -1.027601137757301331e-01 4.152288734912872314e-01 1.304456144571304321e-01 -1.848254054784774780e-01 1.033619046211242676e-01 2.811942994594573975e-01 1.385383158922195435e-01
-5.211028456687927246e-01 -4.519929587841033936e-01 2.665259838104248047e-01 -3.057103417813777924e-02 2.901642620563507080e-01 -2.468178123235702515e-01 4.364072084426879883e-01 7.939428687095642090e-01 1.937789171934127808e-01 6.667227745056152344e-01 8.977301120758056641e-01 3.426494300365447998e-01 1.258864402770996094e-01 1.770813316106796265e-01 7.241694331169128418e-01 8.462554961442947388e-02 3.323239684104919434e-01 -3.327404856681823730e-01 -2.813349962234497070e-01 1.732586622238159180e-01
-2.603777945041656494e-01 -9.268458187580108643e-02 3.712150454521179199e-01 -4.580216407775878906e-01 1.221428811550140381e-01 -5.270617604255676270e-01 4.451625049114227295e-01 -5.058018565177917480e-01 6.022240966558456421e-02 3.600746393203735352e-01 5.183652639389038086e-01 8.770413398742675781e-01 -3.417554199695587158e-01 2.178539782762527466e-01 -4.368134960532188416e-02 1.361626535654067993e-01 7.238706946372985840e-02 -2.875992953777313232e-01 1.182342469692230225e-01 9.147383272647857666e-02
-2.679260633885860443e-02 -1.146549880504608154e-01 1.153563708066940308e-01 -2.082625180482864380e-01 -6.382641941308975220e-02 -3.996030390262603760e-01 1.131421700119972229e-01 3.683015704154968262e-01 2.038089334964752197e-01 9.562733024358749390e-02 1.755754351615905762e-01 1.011037603020668030e-01 -1.633247733116149902e-01 1.318795830011367798e-01 2.727770209312438965e-01 3.320008218288421631e-01 2.556436359882354736e-01 4.205457270145416260e-01 3.428775966167449951e-01 5.062711611390113831e-02
-8.751833811402320862e-04 -1.363708972930908203e-01 -6.307833194732666016e-01 -1.428489685058593750e-01 -1.651370665058493614e-03 -1.400510966777801514e-01 -2.898149192333221436e-01 -3.025680184364318848e-01 6.643703579902648926e-02 -1.230521127581596375e-01 7.796511054039001465e-02 1.067799422889947891e-02 4.532116353511810303e-01 -5.093377232551574707e-01 3.894407749176025391e-01 2.100790143013000488e-01 1.696088016033172607e-01 4.096418917179107666e-01 -4.958986639976501465e-01 3.704293966293334961e-01
1.915906906127929688e+00 5.706875324249267578e+00 -8.288859128952026367e-01 2.049352169036865234e+00 -1.629654288291931152e+00 -5.093166828155517578e-01 -9.006490558385848999e-02 -1.901319175958633423e-01 4.083927154541015625e+00 -1.174280643463134766e+00 -2.448802590370178223e-01 2.353407889604568481e-01 -1.465261876583099365e-01 7.828498482704162598e-01 -5.601163506507873535e-01 6.654196381568908691e-01 5.150588154792785645e-01 -1.150194525718688965e+00 -3.647617101669311523e-01 -1.793634533882141113e+00
7.563735842704772949e-01 -1.807585917413234711e-02 3.370566070079803467e-01 -6.207161545753479004e-01 -3.822630643844604492e-02 -1.612667739391326904e-02 -4.250963926315307617e-01 -2.957448661327362061e-01 7.862711697816848755e-02 -8.256942778825759888e-02 -2.362761050462722778e-01 3.834901452064514160e-01 6.930835247039794922e-01 -3.072774112224578857e-01 -3.860571384429931641e-01 7.327778935432434082e-01 -4.359731376171112061e-01 -2.267157472670078278e-02 2.106079608201980591e-01 -1.444597393274307251e-01
-3.140530586242675781e-01 -9.567511826753616333e-02 -2.551931738853454590e-01 -2.654073536396026611e-01 -8.217400312423706055e-01 4.883189797401428223e-01 -1.513493537902832031e+00 -4.497848451137542725e-01 -3.053598403930664062e-01 -1.299120336771011353e-01 -7.791040465235710144e-03 -6.967121958732604980e-01 7.977790385484695435e-02 -2.124383896589279175e-01 1.785810738801956177e-01 -7.288326621055603027e-01 -5.276052355766296387e-01 -5.651123523712158203e-01 -1.350802630186080933e-01 1.609680950641632080e-01
5.630264282226562500e-01 8.732431530952453613e-01 -9.223076701164245605e-02 -6.454695761203765869e-02 -7.866030186414718628e-02 -2.405164092779159546e-01 3.115434050559997559e-01 -3.869205117225646973e-01 -4.518845975399017334e-01 -3.215441480278968811e-02 -4.551994204521179199e-01 7.132893204689025879e-01 -7.155343294143676758e-01 8.964938521385192871e-01 4.631645977497100830e-01 -9.789513349533081055e-01 2.985599339008331299e-01 8.145260214805603027e-01 -1.626718342304229736e-01 -6.685863733291625977e-01
3.219960629940032959e-01 1.246286258101463318e-01 -2.849602401256561279e-01 1.829213649034500122e-01 -1.363552808761596680e-01 -7.113776206970214844e-01 -4.942722246050834656e-02 2.782004475593566895e-01 1.949544623494148254e-02 -1.166815776377916336e-02 8.449809998273849487e-02 -7.712048292160034180e-02 5.630273222923278809e-01 -2.029573917388916016e-01 1.537610292434692383e-01 -1.040238216519355774e-01 -3.705847561359405518e-01 3.160551190376281738e-01 -3.154756426811218262e-01 3.390689492225646973e-01
-6.005486249923706055e-01 -2.525885999202728271e-01 -5.478236675262451172e-01 8.865290284156799316e-01 -4.560288190841674805e-01 -4.986503422260284424e-01 3.333679437637329102e-01 2.968012988567352295e-01 8.402349352836608887e-01 -1.234073843806982040e-02 -6.752364039421081543e-01 -8.479165434837341309e-01 1.813439838588237762e-02 -4.883614555001258850e-02 5.607892274856567383e-01 7.101168483495712280e-02 2.517750859260559082e-01 5.646710991859436035e-01 1.874425560235977173e-01 2.911079525947570801e-01
7.263212203979492188e-01 -3.581461608409881592e-01 -2.789778411388397217e-01 -3.220550715923309326e-01 -4.136352539062500000e-01 -3.636966943740844727e-01 -4.624905437231063843e-02 7.201259732246398926e-01 6.539034843444824219e-02 3.165183067321777344e-01 1.484614163637161255e-01 -9.311775118112564087e-02 3.063508681952953339e-02 2.160047441720962524e-01 -4.675598442554473877e-01 2.793498337268829346e-01 -1.994846016168594360e-01 -8.129107207059860229e-02 3.209892213344573975e-01 5.710425972938537598e-02
1.765832006931304932e-01 2.431813329458236694e-01 -3.982926607131958008e-01 -1.731596589088439941e-01 7.042371481657028198e-02 -3.074189424514770508e-01 -7.703977823257446289e-01 -3.428998887538909912e-01 -1.613513380289077759e-01 2.760797552764415741e-02 -4.752982258796691895e-01 -5.207564234733581543e-01 8.162660896778106689e-02 3.215303719043731689e-01 1.841957867145538330e-02 1.444510221481323242e-01 -5.930988192558288574e-01 -4.742754399776458740e-01 3.767400085926055908e-01 -5.032243132591247559e-01
4.405021965503692627e-01 5.860097408294677734e-01 1.713129729032516479e-01 3.160259127616882324e-01 4.666281938552856445e-01 -2.753027081489562988e-01 -2.102147191762924194e-01 9.121395349502563477e-01 -4.237322211265563965e-01 -1.857234686613082886e-01 5.378952622413635254e-01 -1.560558797791600227e-03 7.539387047290802002e-02 -5.508549809455871582e-01 -4.930697083473205566e-01 -6.427363753318786621e-01 -7.928652167320251465e-01 1.281973242759704590e+00 1.655150502920150757e-01 -1.849613189697265625e-01
1.300102770328521729e-01 -2.129517793655395508e-01 3.943683803081512451e-01 7.819117605686187744e-02 -1.269536325708031654e-03 -1.043279692530632019e-01 -9.829956293106079102e-02 3.259814977645874023e-01 -1.735787652432918549e-02 3.128930926322937012e-01 -8.098493218421936035e-01 2.140185683965682983e-01 2.012237012386322021e-01 -2.045994997024536133e-01 -4.556234460324048996e-03 3.581259846687316895e-01 -3.658109530806541443e-02 9.803349971771240234e-01 -1.989740878343582153e-01 -1.223026961088180542e-01
2.723117768764495850e-01 1.152140617370605469e+00 -5.384672433137893677e-02 -4.297520518302917480e-01 -4.976418316364288330e-01 7.918650507926940918e-01 -5.686251521110534668e-01 -9.739743471145629883e-01 8.426734060049057007e-02 -5.240678787231445312e-01 6.033335328102111816e-01 9.876202344894409180e-01 1.815886646509170532e-01 3.160715103149414062e-01 -3.052808046340942383e-01 -5.796666741371154785e-01 1.871299743652343750e+00 6.108265519142150879e-01 -4.888905286788940430e-01 4.313732683658599854e-01
7.157847285270690918e-01 -1.399319246411323547e-02 8.183931112289428711e-01 2.428449243307113647e-01 -5.582676529884338379e-01 -1.038721948862075806e-01 -1.688253283500671387e-01 5.073738098144531250e-01 5.275814533233642578e-01 -7.418088614940643311e-02 -9.691707789897918701e-02 6.015548482537269592e-02 -1.662802323698997498e-02 -3.053775727748870850e-01 7.502938807010650635e-02 -2.000503391027450562e-01 -1.214841529726982117e-01 -2.313702851533889771e-01 1.956302821636199951e-01 -1.795681565999984741e-01
-2.927867695689201355e-02 1.865757554769515991e-01 -4.849307537078857422e-01 -8.203191310167312622e-02 -5.316086411476135254e-01 2.648078203201293945e-01 1.889457255601882935e-01 3.942677974700927734e-01 -7.416585832834243774e-02 3.678268194198608398e-01 8.362473547458648682e-02 -5.588607192039489746e-01 1.431990563869476318e-01 -4.902296066284179688e-01 1.171561796218156815e-02 -3.710318803787231445e-01 3.894786536693572998e-01 3.732270896434783936e-01 5.524818301200866699e-01 -9.987255930900573730e-01
1.913202344439923763e-03 -4.260897636413574219e-01 -2.293592244386672974e-01 3.178457021713256836e-01 -2.835612893104553223e-01 9.886877983808517456e-02 2.247313112020492554e-01 1.097450777888298035e-01 2.326354533433914185e-01 2.862597582861781120e-03 -1.285847276449203491e-02 -2.640767097473144531e-01 1.234803348779678345e-01 2.023020386695861816e-01 -1.938637942075729370e-01 3.896010816097259521e-01 -3.817813694477081299e-01 4.181488975882530212e-02 1.009877175092697144e-01 6.980083584785461426e-01
-3.695805370807647705e-02 -1.824038922786712646e-01 -2.743563652038574219e-01 2.101652026176452637e-01 -4.212886840105056763e-02 4.124206900596618652e-01 -2.314056605100631714e-01 1.196303218603134155e-01 7.714844942092895508e-01 -3.233008682727813721e-01 2.233347296714782715e-01 -8.986425399780273438e-02 -9.055562317371368408e-03 -4.889043271541595459e-01 -1.366081535816192627e-01 -9.556681662797927856e-02 2.818516194820404053e-01 -8.447413444519042969e-01 4.019021689891815186e-01 1.422174423933029175e-01
3.280741274356842041e-01 2.260511070489883423e-01 -3.066198229789733887e-01 -2.429309040307998657e-01 2.866877913475036621e-01 -4.402746260166168213e-02 3.394050002098083496e-01 2.256150543689727783e-01 1.066166162490844727e-01 -8.374372869729995728e-02 -5.086734890937805176e-01 -3.113439977169036865e-01 -1.011352017521858215e-01 -7.458451390266418457e-02 -2.891657054424285889e-01 2.475594170391559601e-02 2.855000197887420654e-01 8.150734007358551025e-03 2.339716441929340363e-02 5.117512494325637817e-02
3.607174754142761230e-01 6.228335499763488770e-01 -5.313856005668640137e-01 -4.484449028968811035e-01 -3.467999994754791260e-01 8.672630786895751953e-01 -6.340904831886291504e-01 3.682626783847808838e-01 -1.535554826259613037e-01 -6.845112442970275879e-01 -2.726124525070190430e-01 -8.512186408042907715e-01 5.598241686820983887e-01 -6.948189139366149902e-01 -1.904144585132598877e-01 -2.956624925136566162e-01 -2.693277299404144287e-01 -6.091850399971008301e-01 2.347721606492996216e-01 -4.510519802570343018e-01
4.045046269893646240e-01 1.478015910834074020e-02 2.660427391529083252e-01 3.041867315769195557e-01 -6.749073863029479980e-01 -9.033768624067306519e-02 -4.382514059543609619e-01 2.225814759731292725e-01 2.862294912338256836e-01 -3.985894918441772461e-01 -3.244081437587738037e-01 -1.405582427978515625e-01 1.105181574821472168e-01 -6.615614295005798340e-01 -4.422295987606048584e-01 -4.824031889438629150e-01 2.244443744421005249e-01 -8.558132052421569824e-01 -1.691486537456512451e-01 -2.907641530036926270e-01
1.399540752172470093e-01 4.096341729164123535e-01 -1.997424289584159851e-02 -8.777791261672973633e-02 -2.240431159734725952e-01 -9.794169664382934570e-02 -4.455070793628692627e-01 6.469788402318954468e-02 1.551433056592941284e-01 1.294570416212081909e-01 7.062423229217529297e-02 -2.811917662620544434e-01 4.929397627711296082e-02 7.222115248441696167e-02 8.630412220954895020e-01 3.994206488132476807e-01 1.190075650811195374e-01 -1.123683080077171326e-01 1.143376156687736511e-01 1.184226274490356445e-01
-5.741152912378311157e-02 5.140904709696769714e-02 -1.596865057945251465e-01 -2.215191721916198730e-01 -4.341883361339569092e-01 2.989675104618072510e-01 -2.328158468008041382e-01 1.995532512664794922e-01 -2.061857879161834717e-01 -1.211930140852928162e-01 -6.064555421471595764e-02 -3.942252099514007568e-01 8.848718404769897461e-01 -5.179688930511474609e-01 -2.165585607290267944e-01 -1.723062694072723389e-01 3.229036927223205566e-01 -1.902780383825302124e-01 9.234356880187988281e-02 1.237290650606155396e-01
-5.821397900581359863e-01 -5.029520988464355469e-01 1.687218993902206421e-01 2.663447521626949310e-02 9.944770485162734985e-02 6.505580991506576538e-02 -5.316830053925514221e-02 -3.183054625988006592e-01 -1.091121435165405273e-01 8.039708733558654785e-01 2.326706610620021820e-02 -5.152588486671447754e-01 1.839285939931869507e-01 1.811119168996810913e-01 3.047417402267456055e-01 -4.099483191967010498e-01 2.429741472005844116e-01 -8.701931685209274292e-02 -9.469237178564071655e-02 -8.421592712402343750e-01
3.832268118858337402e-01 7.407987862825393677e-02 -3.198476433753967285e-01 -4.303668811917304993e-02 1.248627379536628723e-01 1.982418894767761230e-01 7.518209517002105713e-02 -1.931380778551101685e-01 8.986298739910125732e-02 -4.318979382514953613e-01 -4.186340272426605225e-01 -2.183380126953125000e-01 6.668958067893981934e-02 -3.300583362579345703e-01 -5.538085103034973145e-01 2.267167419195175171e-01 -5.429559946060180664e-01 -5.655048415064811707e-02 1.797838807106018066e-01 3.514925017952919006e-02
-6.711124628782272339e-02 1.951345242559909821e-02 8.741363883018493652e-02 1.528743207454681396e-01 -3.685100935399532318e-03 7.623850554227828979e-02 -1.666672676801681519e-01 -2.723023295402526855e-01 5.736395716667175293e-02 -2.058321796357631683e-02 -1.252227872610092163e-01 1.864434033632278442e-01 5.589901935309171677e-03 -1.171636674553155899e-02 1.722676604986190796e-01 -3.784186542034149170e-01 -3.716043755412101746e-02 -5.005123615264892578e-01 6.049456819891929626e-02 -3.075304068624973297e-02
-5.763864889740943909e-02 5.483209490776062012e-01 -2.910129427909851074e-01 1.437038630247116089e-01 4.674400985240936279e-01 -3.687911033630371094e-01 1.556277126073837280e-01 4.781658649444580078e-01 5.289681255817413330e-02 2.501387521624565125e-02 -9.254303574562072754e-02 -2.084265053272247314e-01 2.001918554306030273e-01 1.317950040102005005e-01 -2.574592828750610352e-01 2.408809661865234375e-01 1.687795966863632202e-01 5.335780605673789978e-02 -2.145283669233322144e-01 5.793684720993041992e-02
3.770496249198913574e-01 4.255644232034683228e-02 3.305856883525848389e-01 2.960355952382087708e-02 2.377119660377502441e-01 2.853487990796566010e-02 1.030140817165374756e-01 3.895475566387176514e-01 5.484626442193984985e-02 -4.421945288777351379e-02 1.038558408617973328e-01 -7.617671787738800049e-02 1.690635457634925842e-03 -1.495506316423416138e-01 2.060012891888618469e-02 -3.397087156772613525e-01 3.053541779518127441e-01 6.586262583732604980e-02 1.517478078603744507e-01 -1.395060867071151733e-01
-1.488166898488998413e-01 -7.837740331888198853e-02 -1.901081763207912445e-02 6.148051619529724121e-01 -1.306237280368804932e-01 -8.552257716655731201e-02 4.550640285015106201e-02 -2.924505807459354401e-02 4.568597972393035889e-01 2.979512326419353485e-02 8.875486254692077637e-02 -2.009033411741256714e-02 -4.550323635339736938e-02 7.283303141593933105e-02 8.632070571184158325e-02 -4.812399297952651978e-02 -1.305109709501266479e-01 2.577039971947669983e-02 -4.124854132533073425e-02 -4.558422043919563293e-02
1.267489194869995117e-01 -1.231399849057197571e-01 3.980383574962615967e-01 1.435959041118621826e-01 1.870874166488647461e-01 2.556437253952026367e-01 2.619570195674896240e-01 -7.488992810249328613e-02 -1.558593958616256714e-01 3.168999031186103821e-02 1.423194110393524170e-01 -1.665785759687423706e-01 -7.721487432718276978e-03 -3.740358054637908936e-01 -3.246007487177848816e-02 -4.426493048667907715e-01 -1.375907659530639648e-01 4.288364648818969727e-01 -1.719522923231124878e-01 1.800373196601867676e-01
3.014867305755615234e-01 7.392361015081405640e-02 1.018186062574386597e-01 3.026748597621917725e-01 8.866380155086517334e-02 -2.785831987857818604e-01 -1.330770552158355713e-01 7.243177294731140137e-02 -1.986428350210189819e-01 -1.246877759695053101e-01 1.247575581073760986e-01 4.645962640643119812e-02 -3.939507901668548584e-02 -3.071281360462307930e-03 9.888932853937149048e-02 -1.117042824625968933e-01 1.291368901729583740e-01 1.753129065036773682e-01 2.174493968486785889e-01 -1.260729581117630005e-01
-4.576256871223449707e-02 8.327403664588928223e-02 4.316948950290679932e-01 -1.567788720130920410e-01 2.528418600559234619e-01 -2.973914444446563721e-01 1.493337303400039673e-01 -6.520532816648483276e-02 -1.073926463723182678e-01 -1.812554746866226196e-01 8.450145274400711060e-02 -2.822860777378082275e-01 2.116300463676452637e-01 3.681937605142593384e-02 5.429002642631530762e-02 -1.550450474023818970e-01 -2.700360417366027832e-01 -4.799623489379882812e-01 -2.118012309074401855e-01 4.877022653818130493e-02
-1.602856963872909546e-01 -4.135003313422203064e-02 -9.508871287107467651e-02 1.533415764570236206e-01 -1.695071905851364136e-02 -2.201770097017288208e-01 -1.133413985371589661e-01 2.262186706066131592e-01 -7.481403648853302002e-02 1.082810983061790466e-01 -2.676630020141601562e-02 3.413276374340057373e-01 2.924885153770446777e-01 -2.479001730680465698e-01 1.204850003123283386e-01 4.025190174579620361e-01 2.889676690101623535e-01 5.799320936203002930e-01 -2.325708270072937012e-01 -1.925425082445144653e-01
2.595245838165283203e-01 4.777236655354499817e-02 2.981347143650054932e-01 1.672423005104064941e+00 5.958581715822219849e-02 -1.769376173615455627e-02 -4.200474545359611511e-02 -1.956866234540939331e-01 4.742863476276397705e-01 4.627078026533126831e-02 -2.561674714088439941e-01 3.103956207633018494e-02 8.105652332305908203e-01 -6.654101610183715820e-02 -2.231723219156265259e-01 -2.025448679924011230e-01 -2.474044114351272583e-01 -1.194566413760185242e-01 -5.729254707694053650e-02 1.399278920143842697e-02
-2.405163794755935669e-01 -2.225477248430252075e-02 -5.156849622726440430e-01 -1.594107300043106079e-01 -2.904549241065979004e-01 2.749869227409362793e-01 1.671865135431289673e-01 1.377607882022857666e-01 -1.784229725599288940e-01 1.992948353290557861e-01 8.588808774948120117e-02 -2.496111690998077393e-01 2.297785580158233643e-01 2.106551676988601685e-01 1.739469170570373535e-01 2.634719312191009521e-01 -2.699387371540069580e-01 -2.892934903502464294e-02 2.985991723835468292e-02 -1.351278647780418396e-02
8.137963712215423584e-02 -8.317629247903823853e-02 -2.734786272048950195e-01 2.370545081794261932e-02 2.395713329315185547e-01 -1.603145301342010498e-01 -8.448543399572372437e-02 -1.091546788811683655e-01 -9.755412116646766663e-03 -9.141001105308532715e-02 1.625101566314697266e-01 2.012530714273452759e-01 4.324449598789215088e-02 -1.964630484580993652e-01 1.408397257328033447e-01 1.366854365915060043e-02 -6.818416714668273926e-02 -2.524832189083099365e-01 -3.583364188671112061e-01 1.565795391798019409e-01
8.672969788312911987e-02 -9.669257700443267822e-02 -2.898429334163665771e-01 6.516835186630487442e-03 -1.248981505632400513e-01 2.534141540527343750e-01 -2.379822358489036560e-02 -3.906451165676116943e-01 3.705031424760818481e-02 -1.926909387111663818e-01 -2.888756394386291504e-01 1.787499636411666870e-01 -8.003534376621246338e-02 1.567298471927642822e-01 1.162704378366470337e-01 -2.800243496894836426e-01 -2.854289412498474121e-01 -1.214978471398353577e-01 -4.324432611465454102e-01 2.233416959643363953e-02
-6.180076673626899719e-02 1.164590194821357727e-01 1.504088491201400757e-01 -7.633981108665466309e-02 1.197225674986839294e-01 3.757239878177642822e-02 -3.092768788337707520e-01 1.900826245546340942e-01 3.962632641196250916e-02 -1.907279789447784424e-01 -5.716564655303955078e-01 -6.534619629383087158e-02 -4.778122529387474060e-02 -1.660175174474716187e-01 1.038028448820114136e-01 -7.995285093784332275e-02 2.657875716686248779e-01 -8.021330833435058594e-02 2.962116003036499023e-01 -1.998992115259170532e-01
-5.682590976357460022e-02 -1.749524474143981934e-01 -5.404237657785415649e-03 -2.710634171962738037e-01 -1.529661715030670166e-01 -7.551428675651550293e-02 -5.490304827690124512e-01 -1.746059954166412354e-01 -3.859838843345642090e-02 -5.752512440085411072e-02 -6.963183730840682983e-02 3.137802779674530029e-01 2.672292292118072510e-03 3.592881262302398682e-01 6.065053492784500122e-02 1.279773265123367310e-01 8.476009964942932129e-02 -3.227630853652954102e-01 3.765980899333953857e-02 -2.515438795089721680e-01
-1.028633955866098404e-02 -6.714127212762832642e-02 -5.494720302522182465e-03 1.970396190881729126e-02 1.550966650247573853e-01 -1.272118836641311646e-01 -1.633430831134319305e-02 1.105226203799247742e-01 3.499317169189453125e-02 -7.428102940320968628e-02 -2.718770503997802734e-01 1.575958728790283203e-02 -2.363109290599822998e-01 5.935598909854888916e-02 1.842557042837142944e-01 -6.449568271636962891e-02 -2.879541181027889252e-02 2.214761823415756226e-02 -1.736413240432739258e-01 1.337888240814208984e-01
1.620400398969650269e-01 1.011566668748855591e-01 -4.500240385532379150e-01 2.099900878965854645e-02 -4.222415685653686523e-01 -1.699053049087524414e-01 -6.416492164134979248e-02 -9.770433604717254639e-02 1.091667711734771729e-01 9.999006241559982300e-02 1.144839599728584290e-01 -9.886016696691513062e-02 -2.275376021862030029e-01 4.877279698848724365e-02 1.629332751035690308e-01 -1.789620146155357361e-02 -4.687214493751525879e-01 -3.209717199206352234e-02 5.299528688192367554e-02 -7.255700230598449707e-02
3.670913279056549072e-01 3.366281976923346519e-03 1.763673424720764160e-01 -6.443271879106760025e-03 2.505269087851047516e-02 1.713569611310958862e-01 8.387946337461471558e-02 1.054872199892997742e-01 1.329485327005386353e-01 -1.765155978500843048e-02 1.422892212867736816e-01 2.292098253965377808e-01 1.773988157510757446e-01 -1.029285490512847900e-01 -2.008865624666213989e-01 -2.342118620872497559e-01 1.364907175302505493e-01 -8.055802434682846069e-02 -1.131363436579704285e-01 -1.211870983242988586e-01
-8.600852638483047485e-02 9.253046661615371704e-02 -3.444907665252685547e-01 4.663260281085968018e-02 2.190657109022140503e-01 -2.139640748500823975e-01 1.096238419413566589e-01 2.452013827860355377e-02 -7.740729302167892456e-02 -1.524009555578231812e-01 -1.854172497987747192e-01 -3.166832923889160156e-01 2.332675457000732422e-01 2.446266412734985352e-01 -1.004832908511161804e-01 -9.544564783573150635e-02 1.438469626009464264e-02 8.850077539682388306e-02 2.187293916940689087e-01 2.952244877815246582e-01
-2.528071403503417969e-02 -1.364739239215850830e-01 -1.906701177358627319e-02 7.739110291004180908e-02 1.066926047205924988e-01 -1.406749933958053589e-01 -9.075476787984371185e-03 5.624505877494812012e-02 3.384702280163764954e-02 8.919687569141387939e-02 -1.055943546816706657e-03 -3.971457853913307190e-02 1.226180344820022583e-01 2.156855762004852295e-01 6.054578814655542374e-03 9.763593552634119987e-04 -4.680982232093811035e-02 2.466489560902118683e-02 6.883826255798339844e-01 8.083992451429367065e-02
-8.033749461174011230e-02 -1.338773220777511597e-01 3.265252336859703064e-02 -3.670601546764373779e-02 5.907486006617546082e-02 -9.149453788995742798e-02 -2.010883390903472900e-02 3.266778588294982910e-01 1.516827009618282318e-02 -1.340535581111907959e-01 4.118837118148803711e-01 6.829773634672164917e-02 -3.483745828270912170e-02 9.650895744562149048e-02 1.493787765502929688e-01 2.538591623306274414e-02 5.241734161972999573e-02 -4.640384614467620850e-01 -2.903890609741210938e-01 3.808187246322631836e-01
-1.579355448484420776e-01 -1.603000313043594360e-01 8.253875970840454102e-01 -3.569267392158508301e-01 5.924182012677192688e-02 -4.029908776283264160e-01 5.038272738456726074e-01 -1.342361420392990112e-01 1.259964853525161743e-01 -2.961210012435913086e-01 3.190835416316986084e-01 -2.966822981834411621e-01 -1.320901215076446533e-01 9.023835510015487671e-02 1.572394967079162598e-01 -2.808885276317596436e-01 -3.671465208753943443e-03 7.500084638595581055e-01 2.617032527923583984e-01 5.450152605772018433e-02
-4.883083403110504150e-01 1.849352717399597168e-01 2.527307569980621338e-01 2.584100663661956787e-01 5.354080796241760254e-01 8.898605592548847198e-03 3.002038896083831787e-01 -7.707821726799011230e-01 6.245502233505249023e-01 1.341782957315444946e-01 8.124529719352722168e-01 -5.894783735275268555e-01 4.573369026184082031e-01 -2.476428896188735962e-01 3.360881805419921875e-01 3.651743531227111816e-01 6.087254881858825684e-01 -7.309340238571166992e-01 -2.335668802261352539e-01 -4.367196559906005859e-01
-1.357879787683486938e-01 4.335830509662628174e-01 2.957077510654926300e-02 -6.256102770566940308e-02 -6.391626596450805664e-02 -1.151220202445983887e+00 -1.918523013591766357e-01 3.609845042228698730e-01 1.312065497040748596e-02 -3.103457391262054443e-01 1.620495021343231201e-01 2.425975948572158813e-01 1.263536065816879272e-01 -2.711693942546844482e-01 2.298637852072715759e-02 -5.322788953781127930e-01 -2.443206012248992920e-01 7.002675533294677734e-01 -3.777929842472076416e-01 -1.223069354891777039e-01
1.226555332541465759e-01 3.987060189247131348e-01 4.946258291602134705e-02 -1.118805631995201111e-01 -7.357640266418457031e-01 -7.290669679641723633e-01 8.415536582469940186e-02 -9.750483036041259766e-01 3.671704828739166260e-01 -7.245697081089019775e-02 -6.524901837110519409e-02 -1.344862133264541626e-01 3.131721019744873047e-01 4.005776718258857727e-02 -2.103110998868942261e-01 -8.266828060150146484e-01 6.221936941146850586e-01 2.361409738659858704e-02 1.205709204077720642e-01 -2.551269531250000000e-01
1.046232040971517563e-02 4.591403901576995850e-02 -1.090473607182502747e-01 -2.857617102563381195e-02 -3.192694187164306641e-01 -5.861032009124755859e-01 -1.071038171648979187e-01 5.524743795394897461e-01 -6.035163626074790955e-02 3.422405421733856201e-01 -1.568714827299118042e-01 3.362694382667541504e-01 -1.920738071203231812e-01 2.299208641052246094e-01 -4.955733120441436768e-01 1.610193401575088501e-01 -8.056110888719558716e-02 1.246122941374778748e-01 9.423225373029708862e-02 1.848425567150115967e-01
-1.602595001459121704e-01 1.914777010679244995e-01 -9.531049728393554688e-01 5.710903406143188477e-01 -2.738172113895416260e-01 -1.833112388849258423e-01 -6.974863409996032715e-01 7.452500462532043457e-01 3.970080018043518066e-01 7.332675904035568237e-02 -6.558814048767089844e-01 -4.516004025936126709e-01 -2.379360608756542206e-02 -2.010040357708930969e-02 1.564221680164337158e-01 6.328142285346984863e-01 -2.647666633129119873e-01 -1.072732806205749512e+00 -1.481927931308746338e-01 -4.246834218502044678e-01
2.275969535112380981e-01 -6.215244159102439880e-02 9.872779995203018188e-02 3.710083961486816406e-01 2.376004755496978760e-01 -4.470397233963012695e-01 -1.146275848150253296e-01 -1.860244721174240112e-01 1.163416430354118347e-01 5.543021559715270996e-01 2.982738316059112549e-01 4.210081994533538818e-01 4.465440511703491211e-01 2.177772819995880127e-01 7.777671515941619873e-02 -8.259015530347824097e-02 -8.897387981414794922e-01 -7.445346117019653320e-01 2.200285196304321289e-01 -5.766761898994445801e-01
-1.115506235510110855e-02 -3.108838498592376709e-01 2.797044515609741211e-01 -1.576940119266510010e-01 8.370816707611083984e-01 -2.095979638397693634e-02 -2.852336466312408447e-01 -2.296687662601470947e-01 -2.807796597480773926e-01 2.392141669988632202e-01 -8.427485823631286621e-01 -2.511292695999145508e-01 -1.308888047933578491e-01 6.214974448084831238e-02 -1.013364434242248535e+00 -4.722227156162261963e-01 3.053197860717773438e-01 1.079316020011901855e+00 -2.143849432468414307e-01 1.853349506855010986e-01
-4.034850895404815674e-01 -2.243892252445220947e-01 -1.701035201549530029e-01 -3.188604712486267090e-01 -2.719382345676422119e-01 1.856734156608581543e-01 1.195049285888671875e-01 1.976328045129776001e-01 -1.851935535669326782e-01 -5.008541941642761230e-01 5.278558284044265747e-02 -1.528901606798171997e-01 1.561811864376068115e-01 2.379453629255294800e-01 -6.042982265353202820e-02 3.263711929321289062e-01 1.727932244539260864e-01 1.679070442914962769e-01 6.169829964637756348e-01 1.775045990943908691e-01
2.273614257574081421e-01 4.375555727165192366e-04 1.570042036473751068e-02 9.010048583149909973e-03 -4.320540130138397217e-01 -4.235623478889465332e-01 3.900841176509857178e-01 -6.002332568168640137e-01 2.239795960485935211e-02 -6.196481641381978989e-03 1.550910025835037231e-01 -3.295550942420959473e-01 -6.944920122623443604e-02 -2.540602982044219971e-01 1.139891818165779114e-01 1.705430150032043457e-01 1.111156120896339417e-01 -2.997623980045318604e-01 -2.972483038902282715e-01 6.686095595359802246e-01
-1.438502818346023560e-01 -2.417407035827636719e-01 -1.066909357905387878e-01 -1.003898158669471741e-01 1.436700969934463501e-01 -1.554702669382095337e-01 -8.474437147378921509e-02 4.735402390360832214e-02 8.901339024305343628e-02 1.458122730255126953e-01 -8.710261434316635132e-02 -1.502910107374191284e-01 4.389501363039016724e-02 -4.601198136806488037e-01 1.996142417192459106e-01 4.366355836391448975e-01 -3.289029896259307861e-01 -1.443065881729125977e+00 -8.476328849792480469e-02 4.973204135894775391e-01
-9.732103347778320312e-02 5.273737758398056030e-02 -5.956498980522155762e-01 1.264848262071609497e-01 -1.683822274208068848e-02 -2.529253959655761719e-01 4.768261015415191650e-01 5.066903829574584961e-01 -4.588933289051055908e-02 -3.901212811470031738e-01 3.836219906806945801e-01 -5.945076346397399902e-01 2.865613251924514771e-02 2.903006970882415771e-01 1.255049556493759155e-01 3.664474785327911377e-01 -1.740657538175582886e-01 -4.336948096752166748e-01 -8.251149207353591919e-02 1.925377920269966125e-02
-1.252203136682510376e-01 1.473831385374069214e-01 7.770436257123947144e-02 -3.576972335577011108e-02 2.040500640869140625e-01 3.308303952217102051e-01 8.806110620498657227e-01 -1.526693701744079590e-01 2.992500066757202148e-01 -3.277337178587913513e-02 2.197209559381008148e-02 -8.124966919422149658e-02 2.488754093647003174e-01 -7.305189967155456543e-02 -1.080636084079742432e-01 2.479888647794723511e-01 -5.336221456527709961e-01 -9.332222491502761841e-02 2.424374222755432129e-01 3.632872402667999268e-01
2.862471938133239746e-01 -1.704957783222198486e-01 2.085657715797424316e-01 -1.733874231576919556e-01 7.734048962593078613e-01 1.041870266199111938e-01 -2.658209502696990967e-01 -1.385655850172042847e-01 9.186597168445587158e-02 -2.279763519763946533e-01 -2.284693866968154907e-01 2.036356627941131592e-01 -2.919384539127349854e-01 -1.687341332435607910e-01 3.104004859924316406e-01 -1.046501994132995605e-01 2.692622840404510498e-01 -2.567432820796966553e-01 4.678659141063690186e-02 -1.144354045391082764e-01
2.519691586494445801e-01 -2.406276166439056396e-01 -8.645352721214294434e-01 2.463485859334468842e-02 -2.362615913152694702e-01 7.196164876222610474e-02 4.959352314472198486e-02 7.570503354072570801e-01 5.051726847887039185e-02 -2.728789448738098145e-01 1.790918260812759399e-01 -6.690098047256469727e-01 -2.538670897483825684e-01 -3.941716551780700684e-01 -3.158513903617858887e-01 6.740480661392211914e-02 1.623052805662155151e-01 5.019841790199279785e-01 2.490702271461486816e-01 3.443321287631988525e-01
4.115021228790283203e-01 -4.789832979440689087e-02 6.971480697393417358e-02 3.437698483467102051e-01 -5.497997999191284180e-01 -2.189787328243255615e-01 -9.990097880363464355e-01 -1.551668159663677216e-02 -4.996892213821411133e-01 -1.357912272214889526e-01 -3.953005969524383545e-01 -2.191283702850341797e-01 2.694538235664367676e-01 -1.942574530839920044e-01 -1.013276576995849609e-01 -7.750023007392883301e-01 -1.683221161365509033e-01 -9.056147933006286621e-01 1.978105455636978149e-01 -8.747312426567077637e-01
5.168988928198814392e-02 2.147853076457977295e-01 -2.994799911975860596e-01 5.142627656459808350e-02 -1.285292208194732666e-01 -3.319089412689208984e-01 1.093850508332252502e-01 7.307140827178955078e-01 1.761059165000915527e-01 1.615582853555679321e-01 1.347319036722183228e-01 -2.615298926830291748e-01 -1.416076868772506714e-01 -2.318078577518463135e-01 2.422331571578979492e-01 3.844200372695922852e-01 -3.218878805637359619e-01 1.262041181325912476e-01 2.153863459825515747e-01 -1.107362657785415649e-01
3.382733166217803955e-01 6.742082536220550537e-02 -1.067507505416870117e+00 -3.725766241550445557e-01 -9.532424211502075195e-01 8.328585624694824219e-01 3.563495725393295288e-02 3.856231868267059326e-01 -1.176460087299346924e-01 2.366345003247261047e-02 6.358698010444641113e-02 -6.193034648895263672e-01 1.204749107360839844e+00 -1.921402662992477417e-01 -1.219900131225585938e+00 -3.667829632759094238e-01 -3.169583901762962341e-02 -6.872394680976867676e-02 -4.412490129470825195e-01 6.909693777561187744e-02
5.528127774596214294e-02 -3.465957343578338623e-01 -5.404650047421455383e-02 1.257608681917190552e-01 1.817920953035354614e-01 -1.721167415380477905e-01 -5.036853626370429993e-02 6.858818531036376953e-01 8.123632520437240601e-02 6.957663595676422119e-02 4.896361529827117920e-01 6.624554749578237534e-03 -5.787383913993835449e-01 -2.648555636405944824e-01 -1.928751915693283081e-01 -5.472298264503479004e-01 -3.724606037139892578e-01 -6.078124046325683594e-01 -5.262482166290283203e-02 5.769317150115966797e-01
-2.841952145099639893e-01 -1.096786633133888245e-01 1.069791838526725769e-01 1.054168641567230225e-01 -4.115425944328308105e-01 5.817649886012077332e-02 6.767221540212631226e-02 1.822253167629241943e-01 -7.612239569425582886e-02 2.932215929031372070e-01 2.582015097141265869e-01 4.533866941928863525e-01 -2.351084649562835693e-01 4.325031042098999023e-01 -4.895248115062713623e-01 -9.154304116964340210e-02 1.592606455087661743e-01 -4.209506511688232422e-01 1.694269292056560516e-02 3.826989233493804932e-01
