-7.382872700691223145e-01 -2.186077833175659180e-01 -9.636992216110229492e-02 5.352656841278076172e-01 7.929402589797973633e-02 6.658579111099243164e-01
-3.195490688085556030e-02 -6.774364113807678223e-01 1.987741738557815552e-01 -5.767284035682678223e-01 7.350997626781463623e-02 -4.758024513721466064e-01
-1.360329240560531616e-01 -1.446198225021362305e-01 8.923194557428359985e-02 -2.975228130817413330e-01 2.099689468741416931e-02 -3.826746344566345215e-01
3.298938572406768799e-01 -8.182179331779479980e-01 -5.194736719131469727e-01 -1.613785386085510254e+00 -8.196772933006286621e-01 -1.145376801490783691e+00
4.252152442932128906e-01 -1.019412800669670105e-01 -4.085679352283477783e-01 1.528400629758834839e-01 -3.366856873035430908e-01 -5.685238167643547058e-02
-3.346537649631500244e-01 -7.531111836433410645e-01 1.092093065381050110e-01 -1.803788840770721436e-01 -1.339435726404190063e-01 -3.257487714290618896e-01
2.050783336162567139e-01 6.970188617706298828e-01 2.865330576896667480e-01 -4.378521442413330078e-01 1.506261080503463745e-01 -8.216986060142517090e-02
5.248847603797912598e-01 3.489447832107543945e-01 -1.422514915466308594e-01 -6.021491438150405884e-02 -2.456777691841125488e-01 2.970742583274841309e-01
-1.863539777696132660e-02 2.210261076688766479e-01 2.854492366313934326e-01 -7.740557193756103516e-01 2.551192045211791992e-01 -1.019049525260925293e+00
-1.621688753366470337e-01 3.139986097812652588e-01 -4.448811337351799011e-02 -2.958827912807464600e-01 -1.395201236009597778e-01 -5.813863873481750488e-02
-2.504251003265380859e+00 -1.393410284072160721e-02 -3.329502642154693604e-01 2.051683962345123291e-01 -2.349866330623626709e-01 2.414710223674774170e-01
7.842596620321273804e-02 3.529739379882812500e-01 -3.401859104633331299e-02 -2.144755870103836060e-01 -1.490429788827896118e-01 -3.326731026172637939e-01
7.766136527061462402e-02 -1.155465245246887207e-01 7.929857075214385986e-02 -1.442146003246307373e-01 -1.854991167783737183e-02 9.156007319688796997e-03
3.730659484863281250e-01 1.690253764390945435e-01 3.636081814765930176e-01 4.961155354976654053e-02 -1.688611693680286407e-02 9.299305826425552368e-02
-2.217268198728561401e-01 -3.971260488033294678e-01 1.792469061911106110e-02 -1.897106878459453583e-02 1.629027724266052246e-01 1.429015304893255234e-02
-4.901862144470214844e-01 2.911155223846435547e-01 -3.064514696598052979e-02 -1.681205630302429199e-01 -2.348534464836120605e-01 1.949301175773143768e-02
-4.324732422828674316e-01 -2.064534574747085571e-01 6.656286120414733887e-02 -2.947821319103240967e-01 7.289016991853713989e-02 -1.041967198252677917e-01
1.855327248573303223e+00 1.178581595420837402e+00 -2.491324841976165771e-01 9.305550903081893921e-02 1.804898828268051147e-01 -3.617864474654197693e-02
-1.918867677450180054e-01 1.078491099178791046e-02 -9.485142230987548828e-01 -1.498147606849670410e+00 -9.966430664062500000e-01 -1.698686838150024414e+00
9.236340522766113281e-01 -1.973296642303466797e+00 1.766132861375808716e-01 2.172361314296722412e-01 -1.801282763481140137e-01 2.692326903343200684e-01
-5.312433838844299316e-01 -8.754212260246276855e-01 -3.599300980567932129e-02 -7.058150321245193481e-02 5.215809494256973267e-02 -2.234625369310379028e-01
-3.430308699607849121e-01 2.011458277702331543e-01 1.358868956565856934e+00 3.673174977302551270e-02 1.549094080924987793e+00 -2.443738654255867004e-02
2.002617120742797852e-01 -2.514670193195343018e-01 7.997180521488189697e-02 2.063372135162353516e-01 1.822333037853240967e-01 2.113451361656188965e-01
1.839544028043746948e-01 -7.834357619285583496e-01 4.457027912139892578e-01 -1.700144290924072266e+00 3.650923073291778564e-01 -1.329383254051208496e+00
-1.426673233509063721e-01 1.991169899702072144e-02 6.924777030944824219e-01 7.931163161993026733e-02 5.839279294013977051e-01 2.843866348266601562e-01
-2.141456454992294312e-01 -2.232959270477294922e-01 3.246520087122917175e-02 4.688278436660766602e-01 2.071228772401809692e-01 3.636787235736846924e-01
8.429371714591979980e-01 6.390023827552795410e-01 -2.467530369758605957e-01 3.569892048835754395e-02 -3.901375234127044678e-01 3.597753643989562988e-01
-4.476753175258636475e-01 7.442588210105895996e-01 -2.444305121898651123e-01 -9.934011846780776978e-03 -3.339859545230865479e-01 5.059351325035095215e-01
-2.111364006996154785e-01 -3.213788270950317383e-01 6.306333541870117188e-01 -3.701446771621704102e+00 8.304887413978576660e-01 -3.688232421875000000e+00
1.820114403963088989e-01 1.561147272586822510e-01 3.702621757984161377e-01 -1.371953636407852173e-03 2.122514396905899048e-01 2.615736126899719238e-01
-1.104726076126098633e+00 2.270007133483886719e-01 1.484695225954055786e-01 1.492859274148941040e-01 1.951971501111984253e-01 1.387829184532165527e-01
-5.315926671028137207e-01 -4.999666810035705566e-01 2.930497936904430389e-02 9.532222524285316467e-03 1.263170987367630005e-01 2.535713911056518555e-01
1.815248578786849976e-01 -2.725196778774261475e-01 3.779310584068298340e-01 -2.381067425012588501e-01 3.153466880321502686e-01 -3.630297482013702393e-01
6.402581185102462769e-02 1.783658750355243683e-02 1.088213324546813965e-01 -3.198568224906921387e-01 4.989727586507797241e-02 -8.352894335985183716e-02
-4.275152385234832764e-01 -4.934242367744445801e-01 -4.830336570739746094e-02 2.439142614603042603e-01 6.660439074039459229e-02 1.164523661136627197e-01
-5.962028726935386658e-02 -8.148909360170364380e-02 -1.781077831983566284e-01 1.431821100413799286e-02 -6.315161287784576416e-02 -2.698578536510467529e-01
4.367478489875793457e-01 3.175941705703735352e-01 -7.466986775398254395e-03 1.217594072222709656e-01 -7.678858935832977295e-02 2.759413719177246094e-01
5.250619649887084961e-01 4.868195652961730957e-01 1.128340288996696472e-01 1.793933063745498657e-01 3.136250749230384827e-02 -9.327839943580329418e-04
-4.610241651535034180e-01 -3.371100425720214844e-01 -2.571849152445793152e-02 3.112899065017700195e-01 -9.089682996273040771e-02 4.248462617397308350e-01
-1.382629871368408203e-01 5.051982998847961426e-01 2.927789464592933655e-04 -3.314531445503234863e-01 -5.011639371514320374e-02 -2.377617061138153076e-01
-5.917984619736671448e-02 2.136679887771606445e-01 2.085283957421779633e-02 -8.797987550497055054e-02 -9.653341770172119141e-02 -1.805562376976013184e-01
1.339751929044723511e-01 -1.096654497087001801e-02 1.528263664245605469e+01 1.131635382771492004e-01 1.525620365142822266e+01 -1.331404000520706177e-01
-9.949936717748641968e-02 -2.564525902271270752e-01 2.043563276529312134e-01 -3.651550412178039551e-02 -1.405875682830810547e-01 2.083126455545425415e-02
-6.752722710371017456e-02 1.635184045881032944e-03 9.488446265459060669e-02 -3.406558609008789062e+01 -1.396287381649017334e-01 -3.639255905151367188e+01
2.373659908771514893e-01 -1.429376602172851562e-01 -4.447581246495246887e-02 6.334299594163894653e-02 1.640093028545379639e-01 1.728154122829437256e-01
-1.741475164890289307e-01 -1.642587482929229736e-01 -1.324799358844757080e-01 -7.945766299962997437e-02 1.865562349557876587e-01 -2.291734665632247925e-01
-3.856056332588195801e-01 -2.613578438758850098e-01 -1.893410682678222656e-01 1.898577660322189331e-01 1.139540821313858032e-01 -1.628555655479431152e-01
-1.086229458451271057e-01 -1.892954558134078979e-01 -2.833540737628936768e-02 -5.650547519326210022e-02 -1.640474051237106323e-01 -1.405178904533386230e-01
1.784020811319351196e-01 -9.580741822719573975e-02 -2.208869531750679016e-02 -2.442983627319335938e+01 1.932390779256820679e-01 -2.476228141784667969e+01
-1.427264511585235596e-01 1.336783403530716896e-03 2.664728164672851562e-01 1.795336306095123291e-01 8.661432191729545593e-03 3.138536810874938965e-01
1.009670019149780273e+00 -1.187982335686683655e-01 -1.104966476559638977e-01 1.160641983151435852e-01 -2.020686119794845581e-01 -1.323018074035644531e-01
2.831757068634033203e-01 -1.754799634218215942e-01 -1.320418417453765869e-01 1.312423683702945709e-02 1.745238900184631348e-01 1.014984548091888428e-01
3.755416348576545715e-02 3.638712763786315918e-01 -7.931418716907501221e-02 1.547414809465408325e-01 -1.121785119175910950e-01 -5.428682267665863037e-02
-3.174980580806732178e-01 -4.024040400981903076e-01 -1.001529172062873840e-01 8.260446786880493164e-02 -9.695970267057418823e-02 5.033539608120918274e-02
3.349858522415161133e-01 1.832855045795440674e-01 -1.414865553379058838e-01 1.522295027971267700e-01 1.848205029964447021e-01 -1.719520390033721924e-01
-4.806477203965187073e-02 4.624430835247039795e-02 -1.629295200109481812e-02 8.632356673479080200e-02 8.207831531763076782e-02 5.270089488476514816e-03
3.622452786657959223e-04 1.096689030528068542e-01 1.317631602287292480e-01 1.241818889975547791e-01 -7.210338115692138672e-02 -3.323742747306823730e-01
-5.408126711845397949e-01 -6.848245859146118164e-01 -1.101102083921432495e-01 -2.264903038740158081e-01 2.007790952920913696e-01 2.044830918312072754e-01
2.785401791334152222e-02 3.435980528593063354e-02 -5.682925796508789062e+01 -3.172094002366065979e-02 -5.481388854980468750e+01 -5.639556329697370529e-03
-5.993092656135559082e-01 -1.874354183673858643e-01 1.243577599525451660e-01 -2.247676551342010498e-01 -5.619959160685539246e-02 2.122978568077087402e-01
-1.689732223749160767e-01 -6.241642311215400696e-02 -3.224558234214782715e-01 2.693797051906585693e-01 -5.220081806182861328e-01 -2.293381839990615845e-01
1.848410964012145996e-01 4.965373277664184570e-01 -1.110131368041038513e-01 3.436955511569976807e-01 -3.637254834175109863e-01 -1.183978989720344543e-01
1.512291282415390015e-01 -2.158260643482208252e-01 1.031275317072868347e-01 -3.633340895175933838e-01 2.152178734540939331e-01 -4.387143999338150024e-02
2.436849623918533325e-01 5.806037783622741699e-01 -4.399973750114440918e-01 1.202232599258422852e+00 -2.225430309772491455e-01 3.346409499645233154e-01
-4.136836826801300049e-01 -7.454380393028259277e-01 -1.925565451383590698e-01 -3.618199527263641357e-01 -2.148498743772506714e-01 1.874006390571594238e-01
-9.942600876092910767e-02 1.072228431701660156e+00 -1.641187667846679688e-01 -6.000080108642578125e-01 2.373686246573925018e-02 -2.236888557672500610e-01
-4.958225786685943604e-02 -3.770603239536285400e-01 2.066446542739868164e-01 -1.274957954883575439e-01 3.424789011478424072e-01 3.045566976070404053e-01
-1.503897607326507568e-01 1.563606858253479004e-01 2.785777449607849121e-01 -3.511038422584533691e-01 -8.194890618324279785e-02 6.778426002711057663e-03
3.288871347904205322e-01 3.242850601673126221e-01 -3.645269572734832764e-01 -2.310314923524856567e-01 -3.674736022949218750e-01 -9.057945571839809418e-03
-6.961374729871749878e-02 5.193073153495788574e-01 4.915799200534820557e-01 6.175073981285095215e-01 5.192011594772338867e-01 4.826064780354499817e-02
7.040094137191772461e-01 -4.191300868988037109e-01 2.280084788799285889e-02 -2.138666063547134399e-01 4.804952442646026611e-01 1.049275398254394531e-01
6.357690691947937012e-01 -1.729087978601455688e-01 -3.263055980205535889e-01 -3.822208046913146973e-01 -4.262503385543823242e-01 -2.350762188434600830e-01
-3.830008804798126221e-01 -9.272685647010803223e-01 -2.349001169204711914e-01 -3.867488801479339600e-01 -2.227384895086288452e-01 -1.731414049863815308e-01
1.860369741916656494e-01 -1.528434902429580688e-01 3.080207109451293945e-01 -1.473977267742156982e-01 1.748872399330139160e-01 -2.393616288900375366e-01
3.067346513271331787e-01 7.083500623703002930e-01 1.178955510258674622e-01 -3.162401169538497925e-02 -2.734050853177905083e-03 4.220350831747055054e-02
-3.395370244979858398e-01 -4.796570241451263428e-01 -1.393062621355056763e-01 2.201705612242221832e-02 -2.631630599498748779e-01 -2.226877361536026001e-01
1.433005481958389282e-01 2.506862878799438477e-01 6.332123279571533203e-02 1.166948899626731873e-01 2.004536688327789307e-01 1.470773220062255859e-01
-7.828330397605895996e-01 -1.074171781539916992e+00 1.975028365850448608e-01 4.747225046157836914e-01 1.865764558315277100e-01 -1.197542771697044373e-01
-1.623715907335281372e-01 2.364209592342376709e-01 -1.583280712366104126e-01 1.198012977838516235e-01 1.731382161378860474e-01 -1.671859771013259888e-01
-8.839581906795501709e-02 4.609518349170684814e-01 8.615021407604217529e-02 -2.132665738463401794e-02 -1.378768384456634521e-01 5.257755145430564880e-02
