-3.426015377044677734e-01
5.694374442100524902e-01
-3.735598623752593994e-01
2.893172502517700195e-01
-4.045155271887779236e-02
-4.920112788677215576e-01
-2.087451219558715820e-01
-3.289730250835418701e-01
2.666507661342620850e-01
-2.129232585430145264e-01
1.673289090394973755e-01
-1.107396781444549561e-01
-2.111606597900390625e-01
-1.176501139998435974e-01
-5.823997259140014648e-01
-3.593612015247344971e-01
-4.635578691959381104e-01
5.398297682404518127e-02
1.213865160942077637e+00
1.089255884289741516e-02
5.917455554008483887e-01
5.450044870376586914e-01
2.146626412868499756e-01
3.441540896892547607e-01
9.157925844192504883e-02
3.695775866508483887e-01
5.079005956649780273e-01
4.868027567863464355e-01
-1.545110344886779785e-01
1.290297210216522217e-01
1.986596174538135529e-02
5.771718621253967285e-01
2.209420651197433472e-01
2.915572822093963623e-01
7.604742646217346191e-01
7.092859148979187012e-01
4.207944273948669434e-01
1.024131849408149719e-01
7.458519339561462402e-01
3.502267301082611084e-01
2.142254114151000977e-01
1.405736356973648071e-01
-2.479505985975265503e-01
-3.887502104043960571e-02
-3.935994207859039307e-02
-7.597482204437255859e-02
-3.005540966987609863e-01
1.223871409893035889e-01
5.825269222259521484e-02
-1.756427288055419922e-01
-2.535317242145538330e-01
-2.708818912506103516e-01
1.358042359352111816e-01
-1.689206063747406006e-01
-1.627298444509506226e-01
-1.181053966283798218e-01
-2.122341655194759369e-02
-1.636352241039276123e-01
8.379711210727691650e-02
1.254447400569915771e-01
2.168772220611572266e-01
1.568027138710021973e-01
5.737395584583282471e-02
7.659464026801288128e-04
-1.157514229416847229e-01
6.175089254975318909e-02
-7.033361494541168213e-02
1.156990528106689453e-01
-1.486932933330535889e-01
-1.196953877806663513e-01
3.474098443984985352e-01
2.529395818710327148e-01
1.175783276557922363e-01
-1.852117776870727539e-01
2.168246060609817505e-01
-2.502522245049476624e-02
3.269300162792205811e-01
5.435850620269775391e-01
3.098739869892597198e-02
3.258505761623382568e-01
